0 16
0 16
0 16
0 16
0 16
0 16
0 16
0 16
0 16
0 16
0 16
0 16
0 16
0 16
0 16
0 16
0 16
0 16
0 16
0 16
0 16
0 16
0 16
0 16
0 16
0 16
0 16
0 16
0 16
0 16
0 16
0 16
0 16
0 16
0 16
0 16
0 16
0 16
0 16
0 16
0 16
0 16
0 16
0 16
0 16
0 16
0 16
0 16
0 16
0 16
0 16
0 16
0 16
0 16
0 16
0 16
0 16
0 16
0 16
0 16
0 16
0 16
0 16
0 16
0 16
0 16
0 16
0 16
0 16
0 16
0 16
0 0
0 16
0 0
0 16
0 16
0 16
0 0
0 16
0 16
0 0
0 16
0 0
0 16
0 0
0 16
0 16
0 0
0 16
0 0
0 16
0 0
0 16
0 16
0 0
0 16
0 0
0 16
0 0
0 16
0 0
0 16
0 0
0 16
0 0
0 16
0 0
0 16
0 0
0 16
0 0
0 16
0 0
0 16
0 16
0 16
0 16
0 16
0 16
0 16
0 16
0 1
0 1
0 1
0 1
0 1
0 5
0 5
0 5
0 5
0 5
0 5
0 5
0 5
0 5
0 5
0 5
0 5
0 5
0 5
0 5
0 5
0 5
0 5
0 5
0 5
0 5
0 5
0 2
0 0
0 5
0 2
0 0
0 5
0 2
0 2
0 0
0 0
0 4
0 5
0 2
0 0
0 5
0 2
0 0
0 5
0 2
0 2
0 0
0 0
0 4
0 5
0 2
0 5
0 2
0 5
0 2
0 5
0 2
0 2
0 0
0 0
0 4
0 28
0 6
0 0
0 0
0 0
0 0
0 0
0 0
0 0
0 0
0 0
0 0
0 0
0 0
0 6
0 0
0 0
0 0
0 0
0 0
0 0
0 0
0 0
0 0
0 0
0 0
0 0
0 5
0 2
0 2
0 0
0 0
0 4
0 5
0 2
0 2
0 0
0 0
0 4
0 4
0 0
0 0
0 5
0 2
0 2
0 0
0 0
0 4
0 4
0 0
0 0
0 5
0 2
0 2
0 0
0 0
0 4
0 4
0 0
0 0
0 6
0 0
0 0
0 0
0 0
0 0
0 0
0 0
0 0
0 0
0 0
0 0
0 0
0 11
0 15
0 14
0 1
0 0
0 0
0 1
0 0
0 0
0 4
0 0
0 0
0 0
0 0
0 0
0 0
0 0
0 0
0 12
0 0
0 0
0 0
0 0
0 0
0 0
0 0
0 0
0 0
0 0
0 0
0 0
0 0
0 0
0 0
0 0
0 0
0 0
0 0
0 0
0 0
0 0
0 0
0 0
0 24
0 0
0 0
0 0
0 0
0 0
0 0
0 0
0 0
0 0
0 0
0 0
0 0
0 0
0 0
0 0
0 0
0 0
0 0
0 0
0 0
0 0
0 0
0 0
0 0
0 0
0 0
0 0
0 0
0 0
0 0
0 0
0 0
0 0
0 0
0 0
0 0
0 0
0 0
0 0
0 0
0 0
0 0
0 0
0 0
0 17
